1151715600,1,0,1069.173096,99.19023895,3.990956783,1,0,1,0,0,0,0,0
1151715600,2,0,861.9106445,100,0.98379457,1,0,1,0,15.53225517,0,1,0
1151715600,3,0,1173.552368,9.786003113,0.869098604,1,0,1,0,0,0,0,0
1151715600,4,1,727.2984009,0,0,0,0,0,0,0,0,0,-238
1151715600,5,0,1297.270264,20.32118988,1.994350672,1,0,1,0,0,0,0,0
1151715600,7,0,0,0,0,0,1,0,1,0,0,0,0
1151715600,8,1,0,0,0,0,0,0,0,0,0,0,-246
1151715600,9,0,0,56.78315735,0,0,1,0,1,0,0,1,0
1151715600,10,0,0,-307,1.744351983,0,1,0,1,0,0,1,0
1151715600,12,0,0,19.30842972,0,0,1,0,1,0,0,0,0
1151715600,14,0,0,0,0,0,1,0,1,0,0,0,0
1151715600,15,0,0,-307,0,0,1,0,1,0,0,0,0
1151715600,16,0,0,0,0,0,1,0,1,0,0,0,0
1151717400,1,0,1068.555786,99.19023895,3.999828339,1,0,1,0,0,0,0,0
1151717400,2,0,861.6220093,100,0.983318686,1,0,1,0,15.53402996,0,1,0
1151717400,3,0,1173.885864,9.787186623,0.868909419,1,0,1,0,0,0,0,0
1151717400,4,1,726.8982544,0,0,0,0,0,0,0,0,0,-238
1151717400,5,0,1295.395386,20.32178116,1.993805885,1,0,1,0,0,0,0,0
1151717400,7,0,0,0,0,0,1,0,1,0,0,0,0
1151717400,8,1,0,0,0,0,0,0,0,0,0,0,-246
1151717400,9,0,0,56.78374863,0,0,1,0,1,0,0,1,0
1151717400,10,0,0,-307,1.744989753,0,1,0,1,0,0,1,0
1151717400,12,0,0,19.31020546,0,0,1,0,1,0,0,0,0
1151717400,14,0,0,0,0,0,1,0,1,0,0,0,0
1151717400,15,0,0,-307,0,0,1,0,1,0,0,0,0
1151717400,16,0,0,0,0,0,1,0,1,0,0,0,0
1151719200,1,0,1068.661377,99.19023895,3.993981361,1,0,1,0,0,0,0,0
1151719200,2,0,862.1049805,100,0.98289299,1,0,1,0,15.53580475,0,1,0
1151719200,3,0,1173.653076,9.788370132,0.868720233,1,0,1,0,0,0,0,0
1151719200,4,1,726.4981079,0,0,0,0,0,0,0,0,0,-238
1151719200,5,0,1293.539429,20.32237244,1.993261099,1,0,1,0,0,0,0,0
1151719200,7,0,0,0,0,0,1,0,1,0,0,0,0
1151719200,8,1,0,0,0,0,0,0,0,0,0,0,-246
1151719200,9,0,0,56.7843399,0,0,1,0,1,0,0,1,0
1151719200,10,0,0,-307,1.745627522,0,1,0,1,0,0,1,0
1151719200,12,0,0,19.31197929,0,0,1,0,1,0,0,0,0
1151719200,14,0,0,0,0,0,1,0,1,0,0,0,0
1151719200,15,0,0,-307,0,0,1,0,1,0,0,0,0
1151719200,16,0,0,0,0,0,1,0,1,0,0,0,0
1151721000,1,0,1068.507568,99.19023895,3.999954462,1,0,1,0,0,0,0,0
1151721000,2,0,862.8178711,100,0.982467353,1,0,1,0,15.53758049,0,1,0
1151721000,3,0,1173.412964,9.789553642,0.868531048,1,0,1,0,0,0,0,0
1151721000,4,1,726.0979614,0,0,0,0,0,0,0,0,0,-238
1151721000,5,0,1291.204468,20.32296562,1.992716193,1,0,1,0,0,0,0,0
1151721000,7,0,0,0,0,0,1,0,1,0,0,0,0
1151721000,8,1,0,0,0,0,0,0,0,0,0,0,-246
1151721000,9,0,0,56.78493118,0,0,1,0,1,0,0,1,0
1151721000,10,0,0,-307,1.746265411,0,1,0,1,0,0,1,0
1151721000,12,0,0,19.31375504,0,0,1,0,1,0,0,0,0
1151721000,14,0,0,0,0,0,1,0,1,0,0,0,0
1151721000,15,0,0,-307,0,0,1,0,1,0,0,0,0
1151721000,16,0,0,0,0,0,1,0,1,0,0,0,0
1151722800,1,0,1068.342163,99.19023895,4,1,0,1,0,0,0,0,0
1151722800,2,0,863.7988281,100,0.982041717,1,0,1,0,15.53935528,0,1,0
1151722800,3,0,1173.345215,9.790737152,0.868341863,1,0,1,0,0,0,0,0
1151722800,4,1,725.6645508,0,0,0,0,0,0,0,0,0,-238
1151722800,5,0,1288.882935,20.3235569,1.992171407,1,0,1,0,0,0,0,0
1151722800,7,0,0,0,0,0,1,0,1,0,0,0,0
1151722800,8,1,0,0,0,0,0,0,0,0,0,0,-246
1151722800,9,0,0,56.78552246,0,0,1,0,1,0,0,1,0
1151722800,10,0,0,-307,1.746903181,0,1,0,1,0,0,1,0
1151722800,12,0,0,19.31552887,0,0,1,0,1,0,0,0,0
1151722800,14,0,0,0,0,0,1,0,1,0,0,0,0
1151722800,15,0,0,-307,0,0,1,0,1,0,0,0,0
1151722800,16,0,0,0,0,0,1,0,1,0,0,0,0
1151724600,1,0,1068.100708,99.19023895,3.996606112,1,0,1,0,0,0,0,0
1151724600,2,0,864.5884399,100,0.98161602,1,0,1,0,15.54113007,0,1,0
1151724600,3,0,1172.85083,9.791920662,0.868152678,1,0,1,0,0,0,0,0
1151724600,4,1,725.2296753,0,0,0,0,0,0,0,0,0,-238
1151724600,5,0,1287.020386,20.32414818,1.99162662,1,0,1,0,0,0,0,0
1151724600,7,0,0,0,0,0,1,0,1,0,0,0,0
1151724600,8,1,0,0,0,0,0,0,0,0,0,0,-246
1151724600,9,0,0,56.78611755,0,0,1,0,1,0,0,1,0
1151724600,10,0,0,-307,1.747540951,0,1,0,1,0,0,1,0
1151724600,12,0,0,19.31730461,0,0,1,0,1,0,0,0,0
1151724600,14,0,0,0,0,0,1,0,1,0,0,0,0
1151724600,15,0,0,-307,0,0,1,0,1,0,0,0,0
1151724600,16,0,0,0,0,0,1,0,1,0,0,0,0
1151726400,1,0,1067.884399,99.19023895,3.999153614,1,0,1,0,0,0,0,0
1151726400,2,0,865.4104614,100,0.981190383,1,0,1,0,15.54290485,0,1,0
1151726400,3,0,1172.679443,9.793104172,0.868024588,1,0,1,0,0,0,0,0
1151726400,4,1,724.7948608,0,0,0,0,0,0,0,0,0,-238
1151726400,5,0,1285.709473,20.32473946,1.991081834,1,0,1,0,0,0,0,0
1151726400,7,0,0,0,0,0,1,0,1,0,0,0,0
1151726400,8,1,0,0,0,0,0,0,0,0,0,0,-246
1151726400,9,0,0,56.78670883,0,0,1,0,1,0,0,1,0
1151726400,10,0,0,-307,1.74817884,0,1,0,1,0,0,1,0
1151726400,12,0,0,19.31908035,0,0,1,0,1,0,0,0,0
1151726400,14,0,0,0,0,0,1,0,1,0,0,0,0
1151726400,15,0,0,-307,0,0,1,0,1,0,0,0,0
1151726400,16,0,0,0,0,0,1,0,1,0,0,0,0
1151728200,1,0,1067.689209,99.19023895,3.998524427,1,0,1,0,0,0,0,0
1151728200,2,0,865.8538208,100,0.980764747,1,0,1,0,15.5446806,0,1,0
1151728200,3,0,1172.616821,9.794287682,0.870794296,1,0,1,0,0,0,0,0
1151728200,4,1,724.3599854,0,0,0,0,0,0,0,0,0,-238
1151728200,5,0,1284.352051,20.32533264,1.990537047,1,0,1,0,0,0,0,0
1151728200,7,0,0,0,0,0,1,0,1,0,0,0,0
1151728200,8,1,0,0,0,0,0,0,0,0,0,0,-246
1151728200,9,0,0,56.78730011,0,0,1,0,1,0,0,1,0
1151728200,10,0,0,-307,1.748816609,0,1,0,1,0,0,1,0
1151728200,12,0,0,19.32085419,0,0,1,0,1,0,0,0,0
1151728200,14,0,0,0,0,0,1,0,1,0,0,0,0
1151728200,15,0,0,-307,0,0,1,0,1,0,0,0,0
1151728200,16,0,0,0,0,0,1,0,1,0,0,0,0
1151730000,1,0,1067.532959,99.19023895,3.998066425,1,0,1,0,0,0,0,0
1151730000,2,0,866.1361084,100,0.98033905,1,0,1,0,15.54645538,0,1,0
1151730000,3,0,1172.449341,9.795471191,0.873563945,1,0,1,0,0,0,0,0
1151730000,4,1,723.9251099,0,0,0,0,0,0,0,0,0,-238
1151730000,5,0,1283.137085,20.3259201,1.989992142,1,0,1,0,0,0,0,0
1151730000,7,0,0,0,0,0,1,0,1,0,0,0,0
1151730000,8,1,0,0,0,0,0,0,0,0,0,0,-246
1151730000,9,0,0,56.78789139,0,0,1,0,1,0,0,1,0
1151730000,10,0,0,-307,1.749454498,0,1,0,1,0,0,1,0
1151730000,12,0,0,19.32262993,0,0,1,0,1,0,0,0,0
1151730000,14,0,0,0,0,0,1,0,1,0,0,0,0
1151730000,15,0,0,-307,0,0,1,0,1,0,0,0,0
1151730000,16,0,0,0,0,0,1,0,1,0,0,0,0
1151731800,1,0,1067.55542,99.19023895,3.997365713,1,0,1,0,0,0,0,0
1151731800,2,0,865.9619141,100,0.980193794,1,0,1,0,15.54823017,0,1,0
1151731800,3,0,1171.972534,9.796654701,0.876333654,1,0,1,0,0,0,0,0
1151731800,4,1,723.4902344,0,0,0,0,0,0,0,0,0,-238
1151731800,5,0,1281.940063,20.3259201,1.989447355,1,0,1,0,0,0,0,0
1151731800,7,0,0,0,0,0,1,0,1,0,0,0,0
1151731800,8,1,0,0,0,0,0,0,0,0,0,0,-246
1151731800,9,0,0,56.78848267,0,0,1,0,1,0,0,1,0
1151731800,10,0,0,-307,1.750092268,0,1,0,1,0,0,1,0
1151731800,12,0,0,19.32440567,0,0,1,0,1,0,0,0,0
1151731800,14,0,0,0,0,0,1,0,1,0,0,0,0
1151731800,15,0,0,-307,0,0,1,0,1,0,0,0,0
1151731800,16,0,0,0,0,0,1,0,1,0,0,0,0
1151733600,1,0,1067.427002,99.19023895,3.985280037,1,0,1,0,0,0,0,0
1151733600,2,0,865.6534424,100,0.980375469,1,0,1,0,15.55000496,0,1,0
1151733600,3,0,1171.763184,9.797838211,0.879103363,1,0,1,0,0,0,0,0
1151733600,4,1,723.0553589,0,0,0,0,0,0,0,0,0,-238
1151733600,5,0,1280.766968,20.3259201,1.988902569,1,0,1,0,0,0,0,0
1151733600,7,0,0,0,0,0,1,0,1,0,0,0,0
1151733600,8,1,0,0,0,0,0,0,0,0,0,0,-246
1151733600,9,0,0,56.78907394,0,0,1,0,1,0,0,1,0
1151733600,10,0,0,-307,1.750730038,0,1,0,1,0,0,1,0
1151733600,12,0,0,19.3261795,0,0,1,0,1,0,0,0,0
1151733600,14,0,0,0,0,0,1,0,1,0,0,0,0
1151733600,15,0,0,-307,0,0,1,0,1,0,0,0,0
1151733600,16,0,0,0,0,0,1,0,1,0,0,0,0
1151735400,1,0,1067.340332,99.19023895,3.984643459,1,0,1,0,0,0,0,0
1151735400,2,0,865.1497803,100,0.980557144,1,0,1,0,15.5517807,0,1,0
1151735400,3,0,1171.644287,9.799021721,0.881873071,1,0,1,0,0,0,0,0
1151735400,4,1,722.6533203,0,0,0,0,0,0,0,0,0,-238
1151735400,5,0,1279.401123,20.3259201,1.989701986,1,0,1,0,0,0,0,0
1151735400,7,0,0,0,0,0,1,0,1,0,0,0,0
1151735400,8,1,0,0,0,0,0,0,0,0,0,0,-246
1151735400,9,0,0,56.78966904,0,0,1,0,1,0,0,1,0
1151735400,10,0,0,-307,1.751367927,0,1,0,1,0,0,1,0
1151735400,12,0,0,19.32795525,0,0,1,0,1,0,0,0,0
1151735400,14,0,0,0,0,0,1,0,1,0,0,0,0
1151735400,15,0,0,-307,0,0,1,0,1,0,0,0,0
1151735400,16,0,0,0,0,0,1,0,1,0,0,0,0
1151737200,1,0,1067.124756,99.19023895,3.978507757,1,0,1,0,0,0,0,0
1151737200,2,0,864.5336914,100,0.980738759,1,0,1,0,15.55355549,0,1,0
1151737200,3,0,1171.609253,9.800205231,0.88464272,1,0,1,0,0,0,0,0
1151737200,4,1,722.2977295,0,0,0,0,0,0,0,0,0,-238
1151737200,5,0,1277.854126,20.3259201,1.990733147,1,0,1,0,0,0,0,0
1151737200,7,0,0,0,0,0,1,0,1,0,0,0,0
1151737200,8,1,0,0,0,0,0,0,0,0,0,0,-246
1151737200,9,0,0,56.79026031,0,0,1,0,1,0,0,1,0
1151737200,10,0,0,-307,1.752005696,0,1,0,1,0,0,1,0
1151737200,12,0,0,19.32972908,0,0,1,0,1,0,0,0,0
1151737200,14,0,0,0,0,0,1,0,1,0,0,0,0
1151737200,15,0,0,-307,0,0,1,0,1,0,0,0,0
1151737200,16,0,0,0,0,0,1,0,1,0,0,0,0
1151739000,1,0,1067.082397,99.18719482,3.993745565,1,0,1,0,0,0,0,0
1151739000,2,0,863.9161377,100,0.980920434,1,0,1,0,15.55533028,0,1,0
1151739000,3,0,1171.436768,9.801388741,0.887412429,1,0,1,0,0,0,0,0
1151739000,4,1,721.9421997,0,0,0,0,0,0,0,0,0,-238
1151739000,5,0,1276.541992,20.3259201,1.991764307,1,0,1,0,0,0,0,0
1151739000,7,0,0,0,0,0,1,0,1,0,0,0,0
1151739000,8,1,0,0,0,0,0,0,0,0,0,0,-246
1151739000,9,0,0,56.79085159,0,0,1,0,1,0,0,1,0
1151739000,10,0,0,-307,1.752643466,0,1,0,1,0,0,1,0
1151739000,12,0,0,19.33150482,0,0,1,0,1,0,0,0,0
1151739000,14,0,0,0,0,0,1,0,1,0,0,0,0
1151739000,15,0,0,-307,0,0,1,0,1,0,0,0,0
1151739000,16,0,0,0,0,0,1,0,1,0,0,0,0
1151740800,1,0,1066.954468,99.18392944,3.994561911,1,0,1,0,0,0,0,0
1151740800,2,0,863.0428467,100,0.981102109,1,0,1,0,15.55311871,0,1,0
1151740800,3,0,1171.20105,9.799770355,0.890182137,1,0,1,0,0,0,0,0
1151740800,4,1,721.5866089,0,0,0,0,0,0,0,0,0,-238
1151740800,5,0,1275.089478,20.3259201,1.992795348,1,0,1,0,0,0,0,0
1151740800,7,0,0,0,0,0,1,0,1,0,0,0,0
1151740800,8,1,0,0,0,0,0,0,0,0,0,0,-246
1151740800,9,0,0,56.7889061,0,0,1,0,1,0,0,1,0
1151740800,10,0,0,-307,1.752141595,0,1,0,1,0,0,1,0
1151740800,12,0,0,19.32804108,0,0,1,0,1,0,0,0,0
1151740800,14,0,0,0,0,0,1,0,1,0,0,0,0
1151740800,15,0,0,-307,0,0,1,0,1,0,0,0,0
1151740800,16,0,0,0,0,0,1,0,1,0,0,0,0
1151742600,1,0,1066.704834,99.18065643,3.997929811,1,0,1,0,0,0,0,0
1151742600,2,0,862.3290405,100,0.981283724,1,0,1,0,15.5483923,0,1,0
1151742600,3,0,1171.160034,9.796385765,0.892951846,1,0,1,0,0,0,0,0
1151742600,4,1,721.2310181,0,0,0,0,0,0,0,0,0,-238
1151742600,5,0,1273.915161,20.3259201,1.993826509,1,0,1,0,0,0,0,0
1151742600,7,0,0,0,0,0,1,0,1,0,0,0,0
1151742600,8,1,0,0,0,0,0,0,0,0,0,0,-246
1151742600,9,0,0,56.78536224,0,0,1,0,1,0,0,1,0
1151742600,10,0,0,-307,1.750962257,0,1,0,1,0,0,1,0
1151742600,12,0,0,19.3212719,0,0,1,0,1,0,0,0,0
1151742600,14,0,0,0,0,0,1,0,1,0,0,0,0
1151742600,15,0,0,-307,0,0,1,0,1,0,0,0,0
1151742600,16,0,0,0,0,0,1,0,1,0,0,0,0
1151744400,1,0,1067.126587,99.17739105,4,1,0,1,0,0,0,0,0
1151744400,2,0,861.8328857,100,0.981465399,1,0,1,0,15.54366589,0,1,0
1151744400,3,0,1170.657959,9.793001175,0.895721495,1,0,1,0,0,0,0,0
1151744400,4,1,720.8754272,0,0,0,0,0,0,0,0,0,-238
1151744400,5,0,1272.988892,20.3259201,1.994857669,1,0,1,0,0,0,0,0
1151744400,7,0,0,0,0,0,1,0,1,0,0,0,0
1151744400,8,1,0,0,0,0,0,0,0,0,0,0,-246
1151744400,9,0,0,56.78181839,0,0,1,0,1,0,0,1,0
1151744400,10,0,0,-307,1.74978292,0,1,0,1,0,0,1,0
1151744400,12,0,0,19.31450272,0,0,1,0,1,0,0,0,0
1151744400,14,0,0,0,0,0,1,0,1,0,0,0,0
1151744400,15,0,0,-307,0,0,1,0,1,0,0,0,0
1151744400,16,0,0,0,0,0,1,0,1,0,0,0,0
1151746200,1,0,1067.270996,99.17411804,3.99366188,1,0,1,0,0,0,0,0
1151746200,2,0,862.4152832,100,0.981647074,1,0,1,0,15.53893948,0,1,0
1151746200,3,0,1171.370239,9.789616585,0.898491204,1,0,1,0,0,0,0,0
1151746200,4,1,720.5198975,0,0,0,0,0,0,0,0,0,-238
1151746200,5,0,1271.739868,20.3259201,1.995888829,1,0,1,0,0,0,0,0
1151746200,7,0,0,0,0,0,1,0,1,0,0,0,0
1151746200,8,1,0,0,0,0,0,0,0,0,0,0,-246
1151746200,9,0,0,56.77827454,0,0,1,0,1,0,0,1,0
1151746200,10,0,0,-307,1.748603582,0,1,0,1,0,0,1,0
1151746200,12,0,0,19.30773354,0,0,1,0,1,0,0,0,0
1151746200,14,0,0,0,0,0,1,0,1,0,0,0,0
1151746200,15,0,0,-307,0,0,1,0,1,0,0,0,0
1151746200,16,0,0,0,0,0,1,0,1,0,0,0,0
1151748000,1,0,1067.102905,99.17085266,3.998056412,1,0,1,0,0,0,0,0
1151748000,2,0,861.2154541,100,0.98182869,1,0,1,0,15.53421402,0,1,0
1151748000,3,0,1171.148926,9.786231995,0.901260912,1,0,1,0,0,0,0,0
1151748000,4,1,720.1671753,0,0,0,0,0,0,0,0,0,-238
1151748000,5,0,1270.851563,20.3259201,1.99691999,1,0,1,0,0,0,0,0
1151748000,7,0,0,0,0,0,1,0,1,0,0,0,0
1151748000,8,1,0,0,0,0,0,0,0,0,0,0,-246
1151748000,9,0,0,56.77472687,0,0,1,0,1,0,0,1,0
1151748000,10,0,0,-307,1.747424364,0,1,0,1,0,0,1,0
1151748000,12,0,0,19.30096626,0,0,1,0,1,0,0,0,0
1151748000,14,0,0,0,0,0,1,0,1,0,0,0,0
1151748000,15,0,0,-307,0,0,1,0,1,0,0,0,0
1151748000,16,0,0,0,0,0,1,0,1,0,0,0,0
1151749800,1,0,1106.647095,99.16757965,0,0,1,0,1,0,0,0,0
1151749800,2,0,874.2348022,57.1643486,0,0,1,0,1,15.52948761,0,1,0
1151749800,3,0,1187.791138,0.744685173,0,0,1,0,1,0,0,0,0
1151749800,4,1,719.8442993,0,0,0,0,0,0,0,0,0,-238
1151749800,5,0,1287.612183,0.999676168,0,0,1,0,1,0,0,0,0
1151749800,7,0,0,0,0,0,1,0,1,0,0,0,0
1151749800,8,1,0,0,0,0,0,0,0,0,0,0,-246
1151749800,9,0,0,56.77118301,0,0,1,0,1,0,0,1,0
1151749800,10,0,0,-307,1.746245027,0,1,0,1,0,0,1,0
1151749800,12,0,0,0,0,0,1,0,1,0,0,0,0
1151749800,14,0,0,0,0,0,1,0,1,0,0,0,0
1151749800,15,0,0,-307,0,0,1,0,1,0,0,0,0
1151749800,16,0,0,0,0,0,1,0,1,0,0,0,0
1151751600,1,0,1409.419312,99.16431427,0,0,1,0,1,0,0,0,0
1151751600,2,0,1222.123657,0.561283946,0,0,1,0,1,15.5247612,0,1,0
1151751600,3,0,1466.595093,0.742910147,0,0,1,0,1,0,0,0,0
1151751600,4,1,719.5214233,0,0,0,0,0,0,0,0,0,-238
1151751600,5,0,1569.152466,0.926880062,0,0,1,0,1,0,0,0,0
1151751600,7,0,0,0,0,0,1,0,1,0,0,0,0
1151751600,8,1,0,0,0,0,0,0,0,0,0,0,-246
1151751600,9,0,0,56.76763916,0,0,1,0,1,0,0,1,0
1151751600,10,0,0,-307,1.745065689,0,1,0,1,0,0,1,0
1151751600,12,0,0,0,0,0,1,0,1,0,0,0,0
1151751600,14,0,0,0,0,0,1,0,1,0,0,0,0
1151751600,15,0,0,-307,0,0,1,0,1,0,0,0,0
1151751600,16,0,0,0,0,0,1,0,1,0,0,0,0
1151753400,1,0,1475.021973,9.156241417,0,0,1,0,1,0,0,0,0
1151753400,2,0,1327.435425,0.557569325,0,0,1,0,1,15.52003479,0,1,0
1151753400,3,0,1565.782349,0.74113512,0,0,1,0,1,0,0,0,0
1151753400,4,1,719.1985474,0,0,0,0,0,0,0,0,0,-238
1151753400,5,0,1651.035889,0.929246664,0,0,1,0,1,0,0,0,0
1151753400,7,0,0,0,0,0,1,0,1,0,0,0,0
1151753400,8,1,0,0,0,0,0,0,0,0,0,0,-246
1151753400,9,0,0,56.76409531,0,0,1,0,1,0,0,1,0
1151753400,10,0,0,-307,1.743886352,0,1,0,1,0,0,1,0
1151753400,12,0,0,0,0,0,1,0,1,0,0,0,0
1151753400,14,0,0,0,0,0,1,0,1,0,0,0,0
1151753400,15,0,0,-307,0,0,1,0,1,0,0,0,0
1151753400,16,0,0,0,0,0,1,0,1,0,0,0,0
1151755200,1,0,1521.55896,0.825165391,0,0,1,0,1,0,0,0,0
1151755200,2,0,1404.313354,0.553854764,0,0,1,0,1,15.51708889,0,1,0
1151755200,3,0,1616.105957,0.739360094,0,0,1,0,1,0,0,0,0
1151755200,4,1,718.8756714,0,0,0,0,0,0,0,0,0,-238
1151755200,5,0,1695.167603,0.931613266,0,0,1,0,1,0,0,0,0
1151755200,7,0,0,0,0,0,1,0,1,0,0,0,0
1151755200,8,1,0,0,0,0,0,0,0,0,0,0,-246
1151755200,9,0,0,56.7623291,0,0,1,0,1,0,0,1,0
1151755200,10,0,0,-307,1.743274212,0,1,0,1,0,0,1,0
1151755200,12,0,0,0,0,0,1,0,1,0,0,0,0
1151755200,14,0,0,0,0,0,1,0,1,0,0,0,0
1151755200,15,0,0,-307,0,0,1,0,1,0,0,0,0
1151755200,16,0,0,0,0,0,1,0,1,0,0,0,0
1151757000,1,0,1551.003662,0.820340872,0,0,1,0,1,0,0,0,0
1151757000,2,0,1464.65918,0.550140142,0,0,1,0,1,15.51531315,0,1,0
1151757000,3,0,1650.421997,0.737585068,0,0,1,0,1,0,0,0,0
1151757000,4,1,718.5527954,0,0,0,0,0,0,0,0,0,-238
1151757000,5,0,1725.067871,0.933979869,0,0,1,0,1,0,0,0,0
1151757000,7,0,0,0,0,0,1,0,1,0,0,0,0
1151757000,8,1,0,0,0,0,0,0,0,0,0,0,-246
1151757000,9,0,0,56.76173782,0,0,1,0,1,0,0,1,0
1151757000,10,0,0,-307,1.743014455,0,1,0,1,0,0,1,0
1151757000,12,0,0,0,0,0,1,0,1,0,0,0,0
1151757000,14,0,0,0,0,0,1,0,1,0,0,0,0
1151757000,15,0,0,-307,0,0,1,0,1,0,0,0,0
1151757000,16,0,0,0,0,0,1,0,1,0,0,0,0
1151758800,1,0,1573.018555,0.815516293,0,0,1,0,1,0,0,0,0
1151758800,2,0,1512.296509,0.546425521,0,0,1,0,1,15.51353836,0,1,0
1151758800,3,0,1677.234009,0.735809982,0,0,1,0,1,0,0,0,0
1151758800,4,1,718.2298584,0,0,0,0,0,0,0,0,0,-238
1151758800,5,0,1747.597046,0.936346412,0,0,1,0,1,0,0,0,0
1151758800,7,0,0,0,0,0,1,0,1,0,0,0,0
1151758800,8,1,0,0,0,0,0,0,0,0,0,0,-246
1151758800,9,0,0,56.76114655,0,0,1,0,1,0,0,1,0
1151758800,10,0,0,-307,1.742754579,0,1,0,1,0,0,1,0
1151758800,12,0,0,0,0,0,1,0,1,0,0,0,0
1151758800,14,0,0,0,0,0,1,0,1,0,0,0,0
1151758800,15,0,0,-307,0,0,1,0,1,0,0,0,0
1151758800,16,0,0,0,0,0,1,0,1,0,0,0,0
1151760600,1,0,1589.848267,0.810691714,0,0,1,0,1,0,0,0,0
1151760600,2,0,1552.146729,0.5427109,0,0,1,0,1,15.51176357,0,1,0
1151760600,3,0,1699.911133,0.734034956,0,0,1,0,1,0,0,0,0
1151760600,4,1,717.9069824,0,0,0,0,0,0,0,0,0,-238
1151760600,5,0,1765.702271,0.938713014,0,0,1,0,1,0,0,0,0
1151760600,7,0,0,0,0,0,1,0,1,0,0,0,0
1151760600,8,1,0,0,0,0,0,0,0,0,0,0,-246
1151760600,9,0,0,56.76055527,0,0,1,0,1,0,0,1,0
1151760600,10,0,0,-307,1.742494702,0,1,0,1,0,0,1,0
1151760600,12,0,0,0,0,0,1,0,1,0,0,0,0
1151760600,14,0,0,0,0,0,1,0,1,0,0,0,0
1151760600,15,0,0,-307,0,0,1,0,1,0,0,0,0
1151760600,16,0,0,0,0,0,1,0,1,0,0,0,0
1151762400,1,0,1603.43396,0.805867195,0,0,1,0,1,0,0,0,0
1151762400,2,0,1584.463501,0.538996279,0,0,1,0,1,15.50998878,0,1,0
1151762400,3,0,1718.676514,0.732259929,0,0,1,0,1,0,0,0,0
1151762400,4,1,717.5841064,0,0,0,0,0,0,0,0,0,-238
1151762400,5,0,1780.931396,0.941079617,0,0,1,0,1,0,0,0,0
1151762400,7,0,0,0,0,0,1,0,1,0,0,0,0
1151762400,8,1,0,0,0,0,0,0,0,0,0,0,-246
1151762400,9,0,0,56.75996399,0,0,1,0,1,0,0,1,0
1151762400,10,0,0,-307,1.742234826,0,1,0,1,0,0,1,0
1151762400,12,0,0,0,0,0,1,0,1,0,0,0,0
1151762400,14,0,0,0,0,0,1,0,1,0,0,0,0
1151762400,15,0,0,-307,0,0,1,0,1,0,0,0,0
1151762400,16,0,0,0,0,0,1,0,1,0,0,0,0
1151764200,1,0,1614.678223,0.801042616,0,0,1,0,1,0,0,0,0
1151764200,2,0,1613.124268,0.535281718,0,0,1,0,1,15.50821304,0,1,0
1151764200,3,0,1734.397095,0.730484903,0,0,1,0,1,0,0,0,0
1151764200,4,1,717.2612305,0,0,0,0,0,0,0,0,0,-238
1151764200,5,0,1795.474976,0.943446219,0,0,1,0,1,0,0,0,0
1151764200,7,0,0,0,0,0,1,0,1,0,0,0,0
1151764200,8,1,0,0,0,0,0,0,0,0,0,0,-246
1151764200,9,0,0,56.75937271,0,0,1,0,1,0,0,1,0
1151764200,10,0,0,-307,1.741975069,0,1,0,1,0,0,1,0
1151764200,12,0,0,0,0,0,1,0,1,0,0,0,0
1151764200,14,0,0,0,0,0,1,0,1,0,0,0,0
1151764200,15,0,0,-307,0,0,1,0,1,0,0,0,0
1151764200,16,0,0,0,0,0,1,0,1,0,0,0,0
1151766000,1,0,1624.296387,0.796218097,0,0,1,0,1,0,0,0,0
1151766000,2,0,1636.006592,0.531567097,0,0,1,0,1,15.50643826,0,1,0
1151766000,3,0,1749.366821,0.728709877,0,0,1,0,1,0,0,0,0
1151766000,4,1,716.9383545,0,0,0,0,0,0,0,0,0,-238
1151766000,5,0,1803.916138,0.945812821,0,0,1,0,1,0,0,0,0
1151766000,7,0,0,0,0,0,1,0,1,0,0,0,0
1151766000,8,1,0,0,0,0,0,0,0,0,0,0,-246
1151766000,9,0,0,56.75878143,0,0,1,0,1,0,0,1,0
1151766000,10,0,0,-307,1.741715193,0,1,0,1,0,0,1,0
1151766000,12,0,0,0,0,0,1,0,1,0,0,0,0
1151766000,14,0,0,0,0,0,1,0,1,0,0,0,0
1151766000,15,0,0,-307,0,0,1,0,1,0,0,0,0
1151766000,16,0,0,0,0,0,1,0,1,0,0,0,0
1151767800,1,0,1633.186157,0.791393518,0,0,1,0,1,0,0,0,0
1151767800,2,0,1656.237183,0.527852476,0,0,1,0,1,15.50466347,0,1,0
1151767800,3,0,1761.036011,0.726934791,0,0,1,0,1,0,0,0,0
1151767800,4,1,716.6154785,0,0,0,0,0,0,0,0,0,-238
1151767800,5,0,1812.494385,0.948179424,0,0,1,0,1,0,0,0,0
1151767800,7,0,0,0,0,0,1,0,1,0,0,0,0
1151767800,8,1,0,0,0,0,0,0,0,0,0,0,-246
1151767800,9,0,0,56.75819016,0,0,1,0,1,0,0,1,0
1151767800,10,0,0,-307,1.741455317,0,1,0,1,0,0,1,0
1151767800,12,0,0,0,0,0,1,0,1,0,0,0,0
1151767800,14,0,0,0,0,0,1,0,1,0,0,0,0
1151767800,15,0,0,-307,0,0,1,0,1,0,0,0,0
1151767800,16,0,0,0,0,0,1,0,1,0,0,0,0
1151769600,1,0,1640.433472,0.78656894,0,0,1,0,1,0,0,0,0
1151769600,2,0,1673.95752,0.524137855,0,0,1,0,1,15.50288773,0,1,0
1151769600,3,0,1770.905151,0.725159764,0,0,1,0,1,0,0,0,0
1151769600,4,1,716.2926025,0,0,0,0,0,0,0,0,0,-238
1151769600,5,0,1819.916382,0.950545967,0,0,1,0,1,0,0,0,0
1151769600,7,0,0,0,0,0,1,0,1,0,0,0,0
1151769600,8,1,0,0,0,0,0,0,0,0,0,0,-246
1151769600,9,0,0,56.75759888,0,0,1,0,1,0,0,1,0
1151769600,10,0,0,-307,1.74119544,0,1,0,1,0,0,1,0
1151769600,12,0,0,0,0,0,1,0,1,0,0,0,0
1151769600,14,0,0,0,0,0,1,0,1,0,0,0,0
1151769600,15,0,0,-307,0,0,1,0,1,0,0,0,0
1151769600,16,0,0,0,0,0,1,0,1,0,0,0,0
1151771400,1,0,1646.780273,0.781744421,0,0,1,0,1,0,0,0,0
1151771400,2,0,1689.762207,0.520423234,0,0,1,0,1,15.50111294,0,1,0
1151771400,3,0,1780.186523,0.723384738,0,0,1,0,1,0,0,0,0
1151771400,4,1,715.9697266,0,0,0,0,0,0,0,0,0,-238
1151771400,5,0,1826.546631,0.952912569,0,0,1,0,1,0,0,0,0
1151771400,7,0,0,0,0,0,1,0,1,0,0,0,0
1151771400,8,1,0,0,0,0,0,0,0,0,0,0,-246
1151771400,9,0,0,56.7570076,0,0,1,0,1,0,0,1,0
1151771400,10,0,0,-307,1.740935683,0,1,0,1,0,0,1,0
1151771400,12,0,0,0,0,0,1,0,1,0,0,0,0
1151771400,14,0,0,0,0,0,1,0,1,0,0,0,0
1151771400,15,0,0,-307,0,0,1,0,1,0,0,0,0
1151771400,16,0,0,0,0,0,1,0,1,0,0,0,0
1151773200,1,0,1652.59021,0.776919842,0,0,1,0,1,0,0,0,0
1151773200,2,0,1706.371948,0.516708612,0,0,1,0,1,15.49933815,0,1,0
1151773200,3,0,1788.591431,0.721609712,0,0,1,0,1,0,0,0,0
1151773200,4,1,715.6468506,0,0,0,0,0,0,0,0,0,-238
1151773200,5,0,1832.692993,0.955279171,0,0,1,0,1,0,0,0,0
1151773200,7,0,0,0,0,0,1,0,1,0,0,0,0
1151773200,8,1,0,0,0,0,0,0,0,0,0,0,-246
1151773200,9,0,0,56.75641251,0,0,1,0,1,0,0,1,0
1151773200,10,0,0,-307,1.740675807,0,1,0,1,0,0,1,0
1151773200,12,0,0,0,0,0,1,0,1,0,0,0,0
1151773200,14,0,0,0,0,0,1,0,1,0,0,0,0
1151773200,15,0,0,-307,0,0,1,0,1,0,0,0,0
1151773200,16,0,0,0,0,0,1,0,1,0,0,0,0
1151775000,1,0,1657.762329,0.772555947,0,0,1,0,1,0,0,0,0
1151775000,2,0,1719.970337,0.512994051,0,0,1,0,1,15.49756336,0,1,0
1151775000,3,0,1796.449341,0.719834685,0,0,1,0,1,0,0,0,0
1151775000,4,1,715.3239746,0,0,0,0,0,0,0,0,0,-238
1151775000,5,0,1838.333008,0.957645774,0,0,1,0,1,0,0,0,0
1151775000,7,0,0,0,0,0,1,0,1,0,0,0,0
1151775000,8,1,0,0,0,0,0,0,0,0,0,0,-246
1151775000,9,0,0,56.75582123,0,0,1,0,1,0,0,1,0
1151775000,10,0,0,-307,1.740415931,0,1,0,1,0,0,1,0
1151775000,12,0,0,0,0,0,1,0,1,0,0,0,0
1151775000,14,0,0,0,0,0,1,0,1,0,0,0,0
1151775000,15,0,0,-307,0,0,1,0,1,0,0,0,0
1151775000,16,0,0,0,0,0,1,0,1,0,0,0,0
1151776800,1,0,1662.494385,0.769945502,0,0,1,0,1,0,0,0,0
1151776800,2,0,1732,0.50927943,0,0,1,0,1,15.49578762,0,1,0
1151776800,3,0,1803.760254,0.718059659,0,0,1,0,1,0,0,0,0
1151776800,4,1,715.0093384,0,0,0,0,0,0,0,0,0,-238
1151776800,5,0,1843.598999,0.960012376,0,0,1,0,1,0,0,0,0
1151776800,7,0,0,0,0,0,1,0,1,0,0,0,0
1151776800,8,1,0,0,0,0,0,0,0,0,0,0,-246
1151776800,9,0,0,56.75522995,0,0,1,0,1,0,0,1,0
1151776800,10,0,0,-307,1.740156054,0,1,0,1,0,0,1,0
1151776800,12,0,0,0,0,0,1,0,1,0,0,0,0
1151776800,14,0,0,0,0,0,1,0,1,0,0,0,0
1151776800,15,0,0,-307,0,0,1,0,1,0,0,0,0
1151776800,16,0,0,0,0,0,1,0,1,0,0,0,0
1151778600,1,0,1666.852661,0.767335057,0,0,1,0,1,0,0,0,0
1151778600,2,0,1742.711914,0.508506894,0,0,1,0,1,15.49401283,0,1,0
1151778600,3,0,1810.624756,0.71631372,0,0,1,0,1,0,0,0,0
1151778600,4,1,714.7334595,0,0,0,0,0,0,0,0,0,-238
1151778600,5,0,1848.49231,0.962378979,0,0,1,0,1,0,0,0,0
1151778600,7,0,0,0,0,0,1,0,1,0,0,0,0
1151778600,8,1,0,0,0,0,0,0,0,0,0,0,-246
1151778600,9,0,0,56.75463867,0,0,1,0,1,0,0,1,0
1151778600,10,0,0,-307,1.739896297,0,1,0,1,0,0,1,0
1151778600,12,0,0,0,0,0,1,0,1,0,0,0,0
1151778600,14,0,0,0,0,0,1,0,1,0,0,0,0
1151778600,15,0,0,-307,0,0,1,0,1,0,0,0,0
1151778600,16,0,0,0,0,0,1,0,1,0,0,0,0
1151780400,1,0,1670.830688,0.764724553,0,0,1,0,1,0,0,0,0
1151780400,2,0,1752.645264,0.509098351,0,0,1,0,1,15.49223804,0,1,0
1151780400,3,0,1817.906128,0.71631372,0,0,1,0,1,0,0,0,0
1151780400,4,1,714.4576416,0,0,0,0,0,0,0,0,0,-238
1151780400,5,0,1853.120117,0.962379575,0,0,1,0,1,0,0,0,0
1151780400,7,0,0,0,0,0,1,0,1,0,0,0,0
1151780400,8,1,0,0,0,0,0,0,0,0,0,0,-246
1151780400,9,0,0,56.75404739,0,0,1,0,1,0,0,1,0
1151780400,10,0,0,-307,1.739636421,0,1,0,1,0,0,1,0
1151780400,12,0,0,0,0,0,1,0,1,0,0,0,0
1151780400,14,0,0,0,0,0,1,0,1,0,0,0,0
1151780400,15,0,0,-307,0,0,1,0,1,0,0,0,0
1151780400,16,0,0,0,0,0,1,0,1,0,0,0,0
1151782200,1,0,1674.49939,0.762114108,0,0,1,0,1,0,0,0,0
1151782200,2,0,1761.988159,0.509689808,0,0,1,0,1,15.49046326,0,1,0
1151782200,3,0,1824.537231,0.71631372,0,0,1,0,1,0,0,0,0
1151782200,4,1,714.1817627,0,0,0,0,0,0,0,0,0,-238
1151782200,5,0,1857.430542,0.962379575,0,0,1,0,1,0,0,0,0
1151782200,7,0,0,0,0,0,1,0,1,0,0,0,0
1151782200,8,1,0,0,0,0,0,0,0,0,0,0,-246
1151782200,9,0,0,56.75345612,0,0,1,0,1,0,0,1,0
1151782200,10,0,0,-307,1.739376545,0,1,0,1,0,0,1,0
1151782200,12,0,0,0,0,0,1,0,1,0,0,0,0
1151782200,14,0,0,0,0,0,1,0,1,0,0,0,0
1151782200,15,0,0,-307,0,0,1,0,1,0,0,0,0
1151782200,16,0,0,0,0,0,1,0,1,0,0,0,0
1151784000,1,0,1677.979126,0.759503663,0,0,1,0,1,0,0,0,0
1151784000,2,0,1770.055542,0.510281265,0,0,1,0,1,15.48904896,0,1,0
1151784000,3,0,1830.812866,0.71631372,0,0,1,0,1,0,0,0,0
1151784000,4,1,713.9059448,0,0,0,0,0,0,0,0,0,-238
1151784000,5,0,1861.314087,0.962379575,0,0,1,0,1,0,0,0,0
1151784000,7,0,0,0,0,0,1,0,1,0,0,0,0
1151784000,8,1,0,0,0,0,0,0,0,0,0,0,-246
1151784000,9,0,0,56.75322342,0,0,1,0,1,0,0,1,0
1151784000,10,0,0,-307,1.739278197,0,1,0,1,0,0,1,0
1151784000,12,0,0,0,0,0,1,0,1,0,0,0,0
1151784000,14,0,0,0,0,0,1,0,1,0,0,0,0
1151784000,15,0,0,-307,0,0,1,0,1,0,0,0,0
1151784000,16,0,0,0,0,0,1,0,1,0,0,0,0
1151785800,1,0,1681.213501,0.756893218,0,0,1,0,1,0,0,0,0
1151785800,2,0,1777.335327,0.510872662,0,0,1,0,1,15.48786926,0,1,0
1151785800,3,0,1836.501099,0.71631372,0,0,1,0,1,0,0,0,0
1151785800,4,1,713.6300659,0,0,0,0,0,0,0,0,0,-238
1151785800,5,0,1864.981323,0.962379575,0,0,1,0,1,0,0,0,0
1151785800,7,0,0,0,0,0,1,0,1,0,0,0,0
1151785800,8,1,0,0,0,0,0,0,0,0,0,0,-246
1151785800,9,0,0,56.75322342,0,0,1,0,1,0,0,1,0
1151785800,10,0,0,-307,1.739278197,0,1,0,1,0,0,1,0
1151785800,12,0,0,0,0,0,1,0,1,0,0,0,0
1151785800,14,0,0,0,0,0,1,0,1,0,0,0,0
1151785800,15,0,0,-307,0,0,1,0,1,0,0,0,0
1151785800,16,0,0,0,0,0,1,0,1,0,0,0,0
1151787600,1,0,1684.244751,0.754282773,0,0,1,0,1,0,0,0,0
1151787600,2,0,1783.910645,0.511464119,0,0,1,0,1,15.48668861,0,1,0
1151787600,3,0,1841.816528,0.71631372,0,0,1,0,1,0,0,0,0
1151787600,4,1,713.354187,0,0,0,0,0,0,0,0,0,-238
1151787600,5,0,1868.464478,0.962379575,0,0,1,0,1,0,0,0,0
1151787600,7,0,0,0,0,0,1,0,1,0,0,0,0
1151787600,8,1,0,0,0,0,0,0,0,0,0,0,-246
1151787600,9,0,0,56.75322342,0,0,1,0,1,0,0,1,0
1151787600,10,0,0,-307,1.739278197,0,1,0,1,0,0,1,0
1151787600,12,0,0,0,0,0,1,0,1,0,0,0,0
1151787600,14,0,0,0,0,0,1,0,1,0,0,0,0
1151787600,15,0,0,-307,0,0,1,0,1,0,0,0,0
1151787600,16,0,0,0,0,0,1,0,1,0,0,0,0
1151789400,1,0,1687.124756,0.751672268,0,0,1,0,1,0,0,0,0
1151789400,2,0,1790.019043,0.512055576,0,0,1,0,1,15.48550892,0,1,0
1151789400,3,0,1846.812134,0.71631372,0,0,1,0,1,0,0,0,0
1151789400,4,1,713.0783691,0,0,0,0,0,0,0,0,0,-238
1151789400,5,0,1871.708862,0.962379575,0,0,1,0,1,0,0,0,0
1151789400,7,0,0,0,0,0,1,0,1,0,0,0,0
1151789400,8,1,0,0,0,0,0,0,0,0,0,0,-246
1151789400,9,0,0,56.75322342,0,0,1,0,1,0,0,1,0
1151789400,10,0,0,-307,1.739278197,0,1,0,1,0,0,1,0
1151789400,12,0,0,0,0,0,1,0,1,0,0,0,0
1151789400,14,0,0,0,0,0,1,0,1,0,0,0,0
1151789400,15,0,0,-307,0,0,1,0,1,0,0,0,0
1151789400,16,0,0,0,0,0,1,0,1,0,0,0,0
1151791200,1,0,1689.803345,0.749061823,0,0,1,0,1,0,0,0,0
1151791200,2,0,1795.630249,0.512647033,0,0,1,0,1,15.48432827,0,1,0
1151791200,3,0,1851.349976,0.71631372,0,0,1,0,1,0,0,0,0
1151791200,4,1,712.8024902,0,0,0,0,0,0,0,0,0,-238
1151791200,5,0,1874.841919,0.962379575,0,0,1,0,1,0,0,0,0
1151791200,7,0,0,0,0,0,1,0,1,0,0,0,0
1151791200,8,1,0,0,0,0,0,0,0,0,0,0,-246
1151791200,9,0,0,56.75322342,0,0,1,0,1,0,0,1,0
1151791200,10,0,0,-307,1.739278197,0,1,0,1,0,0,1,0
1151791200,12,0,0,0,0,0,1,0,1,0,0,0,0
1151791200,14,0,0,0,0,0,1,0,1,0,0,0,0
1151791200,15,0,0,-307,0,0,1,0,1,0,0,0,0
1151791200,16,0,0,0,0,0,1,0,1,0,0,0,0
1151793000,1,0,1692.364624,0.746451378,0,0,1,0,1,0,0,0,0
1151793000,2,0,1800.783447,0.51323849,0,0,1,0,1,15.48314857,0,1,0
1151793000,3,0,1855.668457,0.71631372,0,0,1,0,1,0,0,0,0
1151793000,4,1,712.5440063,0,0,0,0,0,0,0,0,0,-238
1151793000,5,0,1877.79248,0.962379575,0,0,1,0,1,0,0,0,0
1151793000,7,0,0,0,0,0,1,0,1,0,0,0,0
1151793000,8,1,0,0,0,0,0,0,0,0,0,0,-246
1151793000,9,0,0,56.75322342,0,0,1,0,1,0,0,1,0
1151793000,10,0,0,-307,1.739278197,0,1,0,1,0,0,1,0
1151793000,12,0,0,0,0,0,1,0,1,0,0,0,0
1151793000,14,0,0,0,0,0,1,0,1,0,0,0,0
1151793000,15,0,0,-307,0,0,1,0,1,0,0,0,0
1151793000,16,0,0,0,0,0,1,0,1,0,0,0,0
1151794800,1,0,1694.793945,0.743840933,0,0,1,0,1,0,0,0,0
1151794800,2,0,1805.60083,0.513829947,0,0,1,0,1,15.48196888,0,1,0
1151794800,3,0,1859.788086,0.7190786,0,0,1,0,1,0,0,0,0
1151794800,4,1,712.2952881,0,0,0,0,0,0,0,0,0,-238
1151794800,5,0,1880.602539,0.958848715,0,0,1,0,1,0,0,0,0
1151794800,7,0,0,0,0,0,1,0,1,0,0,0,0
1151794800,8,1,0,0,0,0,0,0,0,0,0,0,-246
1151794800,9,0,0,56.75322342,0,0,1,0,1,0,0,1,0
1151794800,10,0,0,-307,1.739278197,0,1,0,1,0,0,1,0
1151794800,12,0,0,0,0,0,1,0,1,0,0,0,0
1151794800,14,0,0,0,0,0,1,0,1,0,0,0,0
1151794800,15,0,0,-307,0,0,1,0,1,0,0,0,0
1151794800,16,0,0,0,0,0,1,0,1,0,0,0,0
1151796600,1,0,1697.076416,0.741230488,0,0,1,0,1,0,0,0,0
1151796600,2,0,1810.03894,0.514421403,0,0,1,0,1,15.48078823,0,1,0
1151796600,3,0,1863.683228,0.721848011,0,0,1,0,1,0,0,0,0
1151796600,4,1,712.0465698,0,0,0,0,0,0,0,0,0,-238
1151796600,5,0,1883.35144,0.955251932,0,0,1,0,1,0,0,0,0
1151796600,7,0,0,0,0,0,1,0,1,0,0,0,0
1151796600,8,1,0,0,0,0,0,0,0,0,0,0,-246
1151796600,9,0,0,56.75322342,0,0,1,0,1,0,0,1,0
1151796600,10,0,0,-307,1.739278197,0,1,0,1,0,0,1,0
1151796600,12,0,0,0,0,0,1,0,1,0,0,0,0
1151796600,14,0,0,0,0,0,1,0,1,0,0,0,0
1151796600,15,0,0,-307,0,0,1,0,1,0,0,0,0
1151796600,16,0,0,0,0,0,1,0,1,0,0,0,0
1151798400,1,0,1699.357666,0.738620043,0,0,1,0,1,0,0,0,0
1151798400,2,0,1814.29248,0.51501286,0,0,1,0,1,15.48134995,0,1,0
1151798400,3,0,1867.366211,0.724617422,0,0,1,0,1,0,0,0,0
1151798400,4,1,711.7978516,0,0,0,0,0,0,0,0,0,-238
1151798400,5,0,1885.864746,0.951655209,0,0,1,0,1,0,0,0,0
1151798400,7,0,0,0,0,0,1,0,1,0,0,0,0
1151798400,8,1,0,0,0,0,0,0,0,0,0,0,-246
1151798400,9,0,0,56.75322342,0,0,1,0,1,0,0,1,0
1151798400,10,0,0,-307,1.739292502,0,1,0,1,0,0,1,0
1151798400,12,0,0,0,0,0,1,0,1,0,0,0,0
1151798400,14,0,0,0,0,0,1,0,1,0,0,0,0
1151798400,15,0,0,-307,0,0,1,0,1,0,0,0,0
1151798400,16,0,0,0,0,0,1,0,1,0,0,0,0
1151800200,1,0,1701.451538,0.736009538,0,0,1,0,1,0,0,0,0
1151800200,2,0,1818.243164,0.515604317,0,0,1,0,1,15.48312473,0,1,0
1151800200,3,0,1870.949951,0.727386832,0,0,1,0,1,0,0,0,0
1151800200,4,1,711.5491333,0,0,0,0,0,0,0,0,0,-238
1151800200,5,0,1888.37793,0.948058486,0,0,1,0,1,0,0,0,0
1151800200,7,0,0,0,0,0,1,0,1,0,0,0,0
1151800200,8,1,0,0,0,0,0,0,0,0,0,0,-246
1151800200,9,0,0,56.75322342,0,0,1,0,1,0,0,1,0
1151800200,10,0,0,-307,1.739316106,0,1,0,1,0,0,1,0
1151800200,12,0,0,0,0,0,1,0,1,0,0,0,0
1151800200,14,0,0,0,0,0,1,0,1,0,0,0,0
1151800200,15,0,0,-307,0,0,1,0,1,0,0,0,0
1151800200,16,0,0,0,0,0,1,0,1,0,0,0,0
1151802000,1,0,1699.509033,0,0,1,0,0,1,0,0,0,0
1151802000,2,0,1821.925903,0.516195774,0,0,1,0,1,15.48490047,0,1,0
1151802000,3,0,1874.330444,0.730156243,0,0,1,0,1,0,0,0,0
1151802000,4,1,711.300415,0,0,0,0,0,0,0,0,0,-238
1151802000,5,0,1890.793823,0.944461703,0,0,1,0,1,0,0,0,0
1151802000,7,0,0,0,0,0,1,0,1,0,0,0,0
1151802000,8,1,0,0,0,0,0,0,0,0,0,0,-246
1151802000,9,0,0,56.75322342,0,0,1,0,1,0,0,1,0
1151802000,10,0,0,-307,1.739339709,0,1,0,1,0,0,1,0
1151802000,12,0,0,0,0,0,1,0,1,0,0,0,0
1151802000,14,0,0,0,0,0,1,0,1,0,0,0,0
1151802000,15,0,0,-307,0,0,1,0,1,0,0,0,0
1151802000,16,0,0,0,0,0,1,0,1,0,0,0,0
1151803800,1,0,1703.954712,0,0,1,0,0,1,0,0,0,0
1151803800,2,0,1825.330322,0.516787231,0,0,1,0,1,15.48667526,0,1,0
1151803800,3,0,1877.635986,0.732925653,0,0,1,0,1,0,0,0,0
1151803800,4,1,711.0516968,0,0,0,0,0,0,0,0,0,-238
1151803800,5,0,1893.071655,0.94086498,0,0,1,0,1,0,0,0,0
1151803800,7,0,0,0,0,0,1,0,1,0,0,0,0
1151803800,8,1,0,0,0,0,0,0,0,0,0,0,-246
1151803800,9,0,0,56.75322342,0,0,1,0,1,0,0,1,0
1151803800,10,0,0,-307,1.739363313,0,1,0,1,0,0,1,0
1151803800,12,0,0,0,0,0,1,0,1,0,0,0,0
1151803800,14,0,0,0,0,0,1,0,1,0,0,0,0
1151803800,15,0,0,-307,0,0,1,0,1,0,0,0,0
1151803800,16,0,0,0,0,0,1,0,1,0,0,0,0
1151805600,1,0,1706.537842,0,0,1,0,0,1,0,0,0,0
1151805600,2,0,1828.547729,0.517378688,0,0,1,0,1,15.48845005,0,1,0
1151805600,3,0,1880.786499,0.735695124,0,0,1,0,1,0,0,0,0
1151805600,4,1,710.8029785,0,0,0,0,0,0,0,0,0,-238
1151805600,5,0,1895.349365,0.937268257,0,0,1,0,1,0,0,0,0
1151805600,7,0,0,0,0,0,1,0,1,0,0,0,0
1151805600,8,1,0,0,0,0,0,0,0,0,0,0,-246
1151805600,9,0,0,56.75322342,0,0,1,0,1,0,0,1,0
1151805600,10,0,0,-307,1.739387035,0,1,0,1,0,0,1,0
1151805600,12,0,0,0,0,0,1,0,1,0,0,0,0
1151805600,14,0,0,0,0,0,1,0,1,0,0,0,0
1151805600,15,0,0,-307,0,0,1,0,1,0,0,0,0
1151805600,16,0,0,0,0,0,1,0,1,0,0,0,0
1151807400,1,0,1708.570679,0,0,1,0,0,1,0,0,0,0
1151807400,2,0,1831.575684,0.514124155,0,0,1,0,1,15.49022484,0,1,0
1151807400,3,0,1883.784912,0.738464534,0,0,1,0,1,0,0,0,0
1151807400,4,1,710.5542603,0,0,0,0,0,0,0,0,0,-238
1151807400,5,0,1897.455322,0.933671474,0,0,1,0,1,0,0,0,0
1151807400,7,0,0,0,0,0,1,0,1,0,0,0,0
1151807400,8,1,0,0,0,0,0,0,0,0,0,0,-246
1151807400,9,0,0,56.75322342,0,0,1,0,1,0,0,1,0
1151807400,10,0,0,-307,1.739410639,0,1,0,1,0,0,1,0
1151807400,12,0,0,0,0,0,1,0,1,0,0,0,0
1151807400,14,0,0,0,0,0,1,0,1,0,0,0,0
1151807400,15,0,0,-307,0,0,1,0,1,0,0,0,0
1151807400,16,0,0,0,0,0,1,0,1,0,0,0,0
1151809200,1,0,1700.891846,7.028865814,0,1,0,0,1,0,0,0,0
1151809200,2,0,1834.405518,0.509059012,0,0,1,0,1,15.49200058,0,1,0
1151809200,3,0,1886.775635,0.741233945,0,0,1,0,1,0,0,0,0
1151809200,4,1,710.305542,0,0,0,0,0,0,0,0,0,-238
1151809200,5,0,1899.474121,0.930074751,0,0,1,0,1,0,0,0,0
1151809200,7,0,0,0,0,0,1,0,1,0,0,0,0
1151809200,8,1,0,0,0,0,0,0,0,0,0,0,-246
1151809200,9,0,0,56.75322342,0,0,1,0,1,0,0,1,0
1151809200,10,0,0,-307,1.739434242,0,1,0,1,0,0,1,0
1151809200,12,0,0,0,0,0,1,0,1,0,0,0,0
1151809200,14,0,0,0,0,0,1,0,1,0,0,0,0
1151809200,15,0,0,-307,0,0,1,0,1,0,0,0,0
1151809200,16,0,0,0,0,0,1,0,1,0,0,0,0
1151811000,1,0,1699.351807,7.028865814,0,1,0,0,1,0,0,0,0
1151811000,2,0,1837.101074,0.503993869,0,0,1,0,1,15.49377537,0,1,0
1151811000,3,0,1889.509644,0.744003356,0,0,1,0,1,0,0,0,0
1151811000,4,1,710.0568237,0,0,0,0,0,0,0,0,0,-238
1151811000,5,0,1901.492798,0.926477969,0,0,1,0,1,0,0,0,0
1151811000,7,0,0,0,0,0,1,0,1,0,0,0,0
1151811000,8,1,0,0,0,0,0,0,0,0,0,0,-246
1151811000,9,0,0,56.75322342,0,0,1,0,1,0,0,1,0
1151811000,10,0,0,-307,1.739457846,0,1,0,1,0,0,1,0
1151811000,12,0,0,0,0,0,1,0,1,0,0,0,0
1151811000,14,0,0,0,0,0,1,0,1,0,0,0,0
1151811000,15,0,0,-307,0,0,1,0,1,0,0,0,0
1151811000,16,0,0,0,0,0,1,0,1,0,0,0,0
1151812800,1,0,1688.396484,1.211734176,0,1,0,1,0,0,0,0,0
1151812800,2,0,1827.435547,0.498928756,0,1,0,0,1,15.49555016,0,1,0
1151812800,3,0,1892.24353,0.746772766,0,0,1,0,1,0,0,0,0
1151812800,4,1,709.8081055,0,0,0,0,0,0,0,0,0,-238
1151812800,5,0,1903.398682,0.922881246,0,0,1,0,1,0,0,0,0
1151812800,7,0,0,0,0,0,1,0,1,0,0,0,0
1151812800,8,1,0,0,0,0,0,0,0,0,0,0,-246
1151812800,9,0,0,56.75322342,0,0,1,0,1,0,0,1,0
1151812800,10,0,0,-307,1.739481568,0,1,0,1,0,0,1,0
1151812800,12,0,0,0,0,0,1,0,1,0,0,0,0
1151812800,14,0,0,0,0,0,1,0,1,0,0,0,0
1151812800,15,0,0,-307,0,0,1,0,1,0,0,0,0
1151812800,16,0,0,0,0,0,1,0,1,0,0,0,0
1151814600,1,0,1680.566772,0.566559672,0,1,0,1,0,0,0,0,0
1151814600,2,0,1838.805786,0.493863642,0,1,0,0,1,15.4973259,0,1,0
1151814600,3,0,1894.881958,0.749542177,0,0,1,0,1,0,0,0,0
1151814600,4,1,709.5593872,0,0,0,0,0,0,0,0,0,-238
1151814600,5,0,1905.203979,0.919284523,0,0,1,0,1,0,0,0,0
1151814600,7,0,0,0,0,0,1,0,1,0,0,0,0
1151814600,8,1,0,0,0,0,0,0,0,0,0,0,-246
1151814600,9,0,0,56.75322342,0,0,1,0,1,0,0,1,0
1151814600,10,0,0,-307,1.739505172,0,1,0,1,0,0,1,0
1151814600,12,0,0,0,0,0,1,0,1,0,0,0,0
1151814600,14,0,0,0,0,0,1,0,1,0,0,0,0
1151814600,15,0,0,-307,0,0,1,0,1,0,0,0,0
1151814600,16,0,0,0,0,0,1,0,1,0,0,0,0
1151816400,1,0,1694.586548,0.886666775,0,1,0,1,0,0,0,0,0
1151816400,2,0,1843.28479,0.488798499,0,1,0,0,1,15.49910069,0,1,0
1151816400,3,0,1897.388672,0.752311587,0,0,1,0,1,0,0,0,0
1151816400,4,1,709.3106689,0,0,0,0,0,0,0,0,0,-238
1151816400,5,0,1907.009277,0.91568774,0,0,1,0,1,0,0,0,0
1151816400,7,0,0,0,0,0,1,0,1,0,0,0,0
1151816400,8,1,0,0,0,0,0,0,0,0,0,0,-246
1151816400,9,0,0,56.75322342,0,0,1,0,1,0,0,1,0
1151816400,10,0,0,-307,1.739528775,0,1,0,1,0,0,1,0
1151816400,12,0,0,0,0,0,1,0,1,0,0,0,0
1151816400,14,0,0,0,0,0,1,0,1,0,0,0,0
1151816400,15,0,0,-307,0,0,1,0,1,0,0,0,0
1151816400,16,0,0,0,0,0,1,0,1,0,0,0,0
1151818200,1,0,1703.341064,0.760586441,0,1,0,1,0,0,0,0,0
1151818200,2,0,1846.543579,0.483733386,0,1,0,0,1,15.50087547,0,1,0
1151818200,3,0,1888.645996,4.104623795,0,1,0,0,1,0,0,0,0
1151818200,4,1,709.0619507,0,0,0,0,0,0,0,0,0,-238
1151818200,5,0,1908.814575,0.912091017,0,0,1,0,1,0,0,0,0
1151818200,7,0,0,0,0,0,1,0,1,0,0,0,0
1151818200,8,1,0,0,0,0,0,0,0,0,0,0,-246
1151818200,9,0,0,56.75322342,0,0,1,0,1,0,0,1,0
1151818200,10,0,0,-307,1.739552379,0,1,0,1,0,0,1,0
1151818200,12,0,0,0,0,0,1,0,1,0,0,0,0
1151818200,14,0,0,0,0,0,1,0,1,0,0,0,0
1151818200,15,0,0,-307,0,0,1,0,1,0,0,0,0
1151818200,16,0,0,0,0,0,1,0,1,0,0,0,0
1151820000,1,0,1707.77478,0.755672157,0,1,0,1,0,0,0,0,0
1151820000,2,0,1849.240112,0.478668272,0,1,0,0,1,15.50265026,0,1,0
1151820000,3,0,1898.493652,4.105215549,0,1,0,0,1,0,0,0,0
1151820000,4,1,708.8132324,0,0,0,0,0,0,0,0,0,-238
1151820000,5,0,1910.488647,0.908494294,0,0,1,0,1,0,0,0,0
1151820000,7,0,0,0,0,0,1,0,1,0,0,0,0
1151820000,8,1,0,0,0,0,0,0,0,0,0,0,-246
1151820000,9,0,0,56.75322342,0,0,1,0,1,0,0,1,0
1151820000,10,0,0,-307,1.739576101,0,1,0,1,0,0,1,0
1151820000,12,0,0,0,0,0,1,0,1,0,0,0,0
1151820000,14,0,0,0,0,0,1,0,1,0,0,0,0
1151820000,15,0,0,-307,0,0,1,0,1,0,0,0,0
1151820000,16,0,0,0,0,0,1,0,1,0,0,0,0
1151821800,1,0,1708.207397,0.678166151,0,1,0,1,0,0,0,0,0
1151821800,2,0,1851.723755,0.473603129,0,1,0,0,1,15.504426,0,1,0
1151821800,3,0,1875.402344,4.105807304,0,1,0,0,1,0,0,0,0
1151821800,4,1,708.5792847,0,0,0,0,0,0,0,0,0,-238
1151821800,5,0,1912.11377,0.905712306,0,0,1,0,1,0,0,0,0
1151821800,7,0,0,0,0,0,1,0,1,0,0,0,0
1151821800,8,1,0,0,0,0,0,0,0,0,0,0,-246
1151821800,9,0,0,56.75322342,0,0,1,0,1,0,0,1,0
1151821800,10,0,0,-307,1.739599705,0,1,0,1,0,0,1,0
1151821800,12,0,0,0,0,0,1,0,1,0,0,0,0
1151821800,14,0,0,0,0,0,1,0,1,0,0,0,0
1151821800,15,0,0,-307,0,0,1,0,1,0,0,0,0
1151821800,16,0,0,0,0,0,1,0,1,0,0,0,0
1151823600,1,0,1712.795288,0.677574396,0,1,0,1,0,0,0,0,0
1151823600,2,0,1853.831543,0.468538016,0,1,0,0,1,15.50620079,0,1,0
1151823600,3,0,1900.84729,4.106399059,0,1,0,0,1,0,0,0,0
1151823600,4,1,708.352356,0,0,0,0,0,0,0,0,0,-238
1151823600,5,0,1913.738892,0.906303823,0,0,1,0,1,0,0,0,0
1151823600,7,0,0,0,0,0,1,0,1,0,0,0,0
1151823600,8,1,0,0,0,0,0,0,0,0,0,0,-246
1151823600,9,0,0,56.75322342,0,0,1,0,1,0,0,1,0
1151823600,10,0,0,-307,1.739623308,0,1,0,1,0,0,1,0
1151823600,12,0,0,0,0,0,1,0,1,0,0,0,0
1151823600,14,0,0,0,0,0,1,0,1,0,0,0,0
1151823600,15,0,0,-307,0,0,1,0,1,0,0,0,0
1151823600,16,0,0,0,0,0,1,0,1,0,0,0,0
1151825400,1,0,1715.326294,0.676982641,0,1,0,1,0,0,0,0,0
1151825400,2,0,1855.92749,0.463472903,0,1,0,0,1,15.50797558,0,1,0
1151825400,3,0,1905.579834,4.106990814,0,1,0,0,1,0,0,0,0
1151825400,4,1,708.1254272,0,0,0,0,0,0,0,0,0,-238
1151825400,5,0,1915.363892,0.906895399,0,0,1,0,1,0,0,0,0
1151825400,7,0,0,0,0,0,1,0,1,0,0,0,0
1151825400,8,1,0,0,0,0,0,0,0,0,0,0,-246
1151825400,9,0,0,56.75322342,0,0,1,0,1,0,0,1,0
1151825400,10,0,0,-307,1.739646912,0,1,0,1,0,0,1,0
1151825400,12,0,0,0,0,0,1,0,1,0,0,0,0
1151825400,14,0,0,0,0,0,1,0,1,0,0,0,0
1151825400,15,0,0,-307,0,0,1,0,1,0,0,0,0
1151825400,16,0,0,0,0,0,1,0,1,0,0,0,0
1151827200,1,0,1717.159912,0.676390886,0,1,0,1,0,0,0,0,0
1151827200,2,0,1857.744995,0.461060107,0,1,0,0,1,15.50729275,0,1,0
1151827200,3,0,1908.734619,4.107582569,0,1,0,0,1,0,0,0,0
1151827200,4,1,707.8984375,0,0,0,0,0,0,0,0,0,-238
1151827200,5,0,1916.966919,0.907486975,0,0,1,0,1,0,0,0,0
1151827200,7,0,0,0,0,0,1,0,1,0,0,0,0
1151827200,8,1,0,0,0,0,0,0,0,0,0,0,-246
1151827200,9,0,0,56.75322342,0,0,1,0,1,0,0,1,0
1151827200,10,0,0,-307,1.739942908,0,1,0,1,0,0,1,0
1151827200,12,0,0,0,0,0,1,0,1,0,0,0,0
1151827200,14,0,0,0,0,0,1,0,1,0,0,0,0
1151827200,15,0,0,-307,0,0,1,0,1,0,0,0,0
1151827200,16,0,0,0,0,0,1,0,1,0,0,0,0
1151829000,1,0,1719.774902,0.675799191,0,1,0,1,0,0,0,0,0
1151829000,2,0,1859.535278,0.461651832,0,1,0,0,1,15.50492954,0,1,0
1151829000,3,0,1911.418457,4.108174324,0,1,0,0,1,0,0,0,0
1151829000,4,1,707.6715088,0,0,0,0,0,0,0,0,0,-238
1151829000,5,0,1918.453979,0.908078492,0,0,1,0,1,0,0,0,0
1151829000,7,0,0,0,0,0,1,0,1,0,0,0,0
1151829000,8,1,0,0,0,0,0,0,0,0,0,0,-246
1151829000,9,0,0,56.75322342,0,0,1,0,1,0,0,1,0
1151829000,10,0,0,-307,1.740414619,0,1,0,1,0,0,1,0
1151829000,12,0,0,0,0,0,1,0,1,0,0,0,0
1151829000,14,0,0,0,0,0,1,0,1,0,0,0,0
1151829000,15,0,0,-307,0,0,1,0,1,0,0,0,0
1151829000,16,0,0,0,0,0,1,0,1,0,0,0,0
1151830800,1,0,1721.702759,0.675207436,0,1,0,1,0,0,0,0,0
1151830800,2,0,1861.259888,0.462243587,0,1,0,0,1,15.50256634,0,1,0
1151830800,3,0,1913.758911,4.108766079,0,1,0,0,1,0,0,0,0
1151830800,4,1,707.4445801,0,0,0,0,0,0,0,0,0,-238
1151830800,5,0,1919.941162,0.908670068,0,0,1,0,1,0,0,0,0
1151830800,7,0,0,0,0,0,1,0,1,0,0,0,0
1151830800,8,1,0,0,0,0,0,0,0,0,0,0,-246
1151830800,9,0,0,56.75322342,0,0,1,0,1,0,0,1,0
1151830800,10,0,0,-307,1.740886211,0,1,0,1,0,0,1,0
1151830800,12,0,0,0,0,0,1,0,1,0,0,0,0
1151830800,14,0,0,0,0,0,1,0,1,0,0,0,0
1151830800,15,0,0,-307,0,0,1,0,1,0,0,0,0
1151830800,16,0,0,0,0,0,1,0,1,0,0,0,0
1151832600,1,0,1723.125488,0.674615681,0,1,0,1,0,0,0,0,0
1151832600,2,0,1862.798218,0.462835312,0,1,0,0,1,15.50020313,0,1,0
1151832600,3,0,1916.030029,4.109357834,0,1,0,0,1,0,0,0,0
1151832600,4,1,707.2175903,0,0,0,0,0,0,0,0,0,-238
1151832600,5,0,1921.428345,0.909261644,0,0,1,0,1,0,0,0,0
1151832600,7,0,0,0,0,0,1,0,1,0,0,0,0
1151832600,8,1,0,0,0,0,0,0,0,0,0,0,-246
1151832600,9,0,0,56.75322342,0,0,1,0,1,0,0,1,0
1151832600,10,0,0,-307,1.741357923,0,1,0,1,0,0,1,0
1151832600,12,0,0,0,0,0,1,0,1,0,0,0,0
1151832600,14,0,0,0,0,0,1,0,1,0,0,0,0
1151832600,15,0,0,-307,0,0,1,0,1,0,0,0,0
1151832600,16,0,0,0,0,0,1,0,1,0,0,0,0
1151834400,1,0,1724.119629,0.674023926,0,1,0,1,0,0,0,0,0
1151834400,2,0,1864.336426,0.463427067,0,1,0,0,1,15.49783993,0,1,0
1151834400,3,0,1918.094971,4.109949589,0,1,0,0,1,0,0,0,0
1151834400,4,1,706.9906616,0,0,0,0,0,0,0,0,0,-238
1151834400,5,0,1922.915405,0.90985316,0,0,1,0,1,0,0,0,0
1151834400,7,0,0,0,0,0,1,0,1,0,0,0,0
1151834400,8,1,0,0,0,0,0,0,0,0,0,0,-246
1151834400,9,0,0,56.75322342,0,0,1,0,1,0,0,1,0
1151834400,10,0,0,-307,1.741829634,0,1,0,1,0,0,1,0
1151834400,12,0,0,0,0,0,1,0,1,0,0,0,0
1151834400,14,0,0,0,0,0,1,0,1,0,0,0,0
1151834400,15,0,0,-307,0,0,1,0,1,0,0,0,0
1151834400,16,0,0,0,0,0,1,0,1,0,0,0,0
1151836200,1,0,1724.867554,0.673432231,0,1,0,1,0,0,0,0,0
1151836200,2,0,1865.874634,0.464018792,0,1,0,0,1,15.49547672,0,1,0
1151836200,3,0,1920.160034,4.110541344,0,1,0,0,1,0,0,0,0
1151836200,4,1,706.7684937,0,0,0,0,0,0,0,0,0,-238
1151836200,5,0,1924.402588,0.910444736,0,0,1,0,1,0,0,0,0
1151836200,7,0,0,0,0,0,1,0,1,0,0,0,0
1151836200,8,1,0,0,0,0,0,0,0,0,0,0,-246
1151836200,9,0,0,56.75322342,0,0,1,0,1,0,0,1,0
1151836200,10,0,0,-307,1.742301345,0,1,0,1,0,0,1,0
1151836200,12,0,0,0,0,0,1,0,1,0,0,0,0
1151836200,14,0,0,0,0,0,1,0,1,0,0,0,0
1151836200,15,0,0,-307,0,0,1,0,1,0,0,0,0
1151836200,16,0,0,0,0,0,1,0,1,0,0,0,0
1151838000,1,0,1725.733643,0.672840476,0,1,0,1,0,0,0,0,0
1151838000,2,0,1867.226929,0.464610547,0,1,0,0,1,15.49311352,0,1,0
1151838000,3,0,1922.099243,4.111133099,0,1,0,0,1,0,0,0,0
1151838000,4,1,706.5700684,0,0,0,0,0,0,0,0,0,-238
1151838000,5,0,1925.851929,0.911036253,0,0,1,0,1,0,0,0,0
1151838000,7,0,0,0,0,0,1,0,1,0,0,0,0
1151838000,8,1,0,0,0,0,0,0,0,0,0,0,-246
1151838000,9,0,0,56.75322342,0,0,1,0,1,0,0,1,0
1151838000,10,0,0,-307,1.742773056,0,1,0,1,0,0,1,0
1151838000,12,0,0,0,0,0,1,0,1,0,0,0,0
1151838000,14,0,0,0,0,0,1,0,1,0,0,0,0
1151838000,15,0,0,-307,0,0,1,0,1,0,0,0,0
1151838000,16,0,0,0,0,0,1,0,1,0,0,0,0
1151839800,1,0,1726.944458,0.672248721,0,1,0,1,0,0,0,0,0
1151839800,2,0,1868.552734,0.465202272,0,1,0,0,1,15.49075031,0,1,0
1151839800,3,0,1923.960693,4.111724854,0,1,0,0,1,0,0,0,0
1151839800,4,1,706.3716431,0,0,0,0,0,0,0,0,0,-238
1151839800,5,0,1927.213257,0.911627829,0,0,1,0,1,0,0,0,0
1151839800,7,0,0,0,0,0,1,0,1,0,0,0,0
1151839800,8,1,0,0,0,0,0,0,0,0,0,0,-246
1151839800,9,0,0,56.75322342,0,0,1,0,1,0,0,1,0
1151839800,10,0,0,-307,1.743244648,0,1,0,1,0,0,1,0
1151839800,12,0,0,0,0,0,1,0,1,0,0,0,0
1151839800,14,0,0,0,0,0,1,0,1,0,0,0,0
1151839800,15,0,0,-307,0,0,1,0,1,0,0,0,0
1151839800,16,0,0,0,0,0,1,0,1,0,0,0,0
1151841600,1,0,1728.161865,0.671656966,0,1,0,1,0,0,0,0,0
1151841600,2,0,1869.87854,0.465794027,0,1,0,0,1,15.49114704,0,1,0
1151841600,3,0,1925.822021,4.112316608,0,1,0,0,1,0,0,0,0
1151841600,4,1,706.1732178,0,0,0,0,0,0,0,0,0,-238
1151841600,5,0,1928.574707,0.912219405,0,0,1,0,1,0,0,0,0
1151841600,7,0,0,0,0,0,1,0,1,0,0,0,0
1151841600,8,1,0,0,0,0,0,0,0,0,0,0,-246
1151841600,9,0,0,56.75357056,0,0,1,0,1,0,0,1,0
1151841600,10,0,0,-307,1.743462801,0,1,0,1,0,0,1,0
1151841600,12,0,0,0,0,0,1,0,1,0,0,0,0
1151841600,14,0,0,0,0,0,1,0,1,0,0,0,0
1151841600,15,0,0,-307,0,0,1,0,1,0,0,0,0
1151841600,16,0,0,0,0,0,1,0,1,0,0,0,0
1151843400,1,0,1729.37915,0.671065271,0,1,0,1,0,0,0,0,0
1151843400,2,0,1871.167114,0.466385752,0,1,0,0,1,15.49351406,0,1,0
1151843400,3,0,1927.68335,4.112908363,0,1,0,0,1,0,0,0,0
1151843400,4,1,705.9747925,0,0,0,0,0,0,0,0,0,-238
1151843400,5,0,1929.936157,0.912810922,0,0,1,0,1,0,0,0,0
1151843400,7,0,0,0,0,0,1,0,1,0,0,0,0
1151843400,8,1,0,0,0,0,0,0,0,0,0,0,-246
1151843400,9,0,0,56.75416183,0,0,1,0,1,0,0,1,0
1151843400,10,0,0,-307,1.743510008,0,1,0,1,0,0,1,0
1151843400,12,0,0,0,0,0,1,0,1,0,0,0,0
1151843400,14,0,0,0,0,0,1,0,1,0,0,0,0
1151843400,15,0,0,-307,0,0,1,0,1,0,0,0,0
1151843400,16,0,0,0,0,0,1,0,1,0,0,0,0
1151845200,1,0,1730.596436,0.670473516,0,1,0,1,0,0,0,0,0
1151845200,2,0,1872.306641,0.466977507,0,1,0,0,1,15.49588108,0,1,0
1151845200,3,0,1929.402344,4.113500118,0,1,0,0,1,0,0,0,0
1151845200,4,1,705.7763672,0,0,0,0,0,0,0,0,0,-238
1151845200,5,0,1931.297485,0.913402498,0,0,1,0,1,0,0,0,0
1151845200,7,0,0,0,0,0,1,0,1,0,0,0,0
1151845200,8,1,0,0,0,0,0,0,0,0,0,0,-246
1151845200,9,0,0,56.75475311,0,0,1,0,1,0,0,1,0
1151845200,10,0,0,-307,1.743557334,0,1,0,1,0,0,1,0
1151845200,12,0,0,0,0,0,1,0,1,0,0,0,0
1151845200,14,0,0,0,0,0,1,0,1,0,0,0,0
1151845200,15,0,0,-307,0,0,1,0,1,0,0,0,0
1151845200,16,0,0,0,0,0,1,0,1,0,0,0,0
1151847000,1,0,1731.813721,0.669881761,0,1,0,1,0,0,0,0,0
1151847000,2,0,1873.446167,0.467569232,0,1,0,0,1,15.4982481,0,1,0
1151847000,3,0,1931.089355,4.114593029,0,1,0,0,1,0,0,0,0
1151847000,4,1,705.5779419,0,0,0,0,0,0,0,0,0,-238
1151847000,5,0,1932.658936,0.913994074,0,0,1,0,1,0,0,0,0
1151847000,7,0,0,0,0,0,1,0,1,0,0,0,0
1151847000,8,1,0,0,0,0,0,0,0,0,0,0,-246
1151847000,9,0,0,56.75534439,0,0,1,0,1,0,0,1,0
1151847000,10,0,0,-307,1.743604541,0,1,0,1,0,0,1,0
1151847000,12,0,0,0,0,0,1,0,1,0,0,0,0
1151847000,14,0,0,0,0,0,1,0,1,0,0,0,0
1151847000,15,0,0,-307,0,0,1,0,1,0,0,0,0
1151847000,16,0,0,0,0,0,1,0,1,0,0,0,0
1151848800,1,0,1732.565674,0.669290006,0,1,0,1,0,0,0,0,0
1151848800,2,0,1874.585571,0.468160987,0,1,0,0,1,15.50061417,0,1,0
1151848800,3,0,1932.776245,4.116955757,0,1,0,0,1,0,0,0,0
1151848800,4,1,705.3795166,0,0,0,0,0,0,0,0,0,-238
1151848800,5,0,1933.959351,0.91458559,0,0,1,0,1,0,0,0,0
1151848800,7,0,0,0,0,0,1,0,1,0,0,0,0
1151848800,8,1,0,0,0,0,0,0,0,0,0,0,-246
1151848800,9,0,0,56.75593567,0,0,1,0,1,0,0,1,0
1151848800,10,0,0,-307,1.743651867,0,1,0,1,0,0,1,0
1151848800,12,0,0,0,0,0,1,0,1,0,0,0,0
1151848800,14,0,0,0,0,0,1,0,1,0,0,0,0
1151848800,15,0,0,-307,0,0,1,0,1,0,0,0,0
1151848800,16,0,0,0,0,0,1,0,1,0,0,0,0
1151850600,1,0,1730.138184,4.246422768,0,1,0,1,0,0,0,0,0
1151850600,2,0,1875.699585,0.468752742,0,1,0,0,1,15.50298119,0,1,0
1151850600,3,0,1934.463257,4.119318485,0,1,0,0,1,0,0,0,0
1151850600,4,1,705.1810913,0,0,0,0,0,0,0,0,0,-238
1151850600,5,0,1935.187378,0.915059447,0,0,1,0,1,0,0,0,0
1151850600,7,0,0,0,0,0,1,0,1,0,0,0,0
1151850600,8,1,0,0,0,0,0,0,0,0,0,0,-246
1151850600,9,0,0,56.75652695,0,0,1,0,1,0,0,1,0
1151850600,10,0,0,-307,1.743699074,0,1,0,1,0,0,1,0
1151850600,12,0,0,0,0,0,1,0,1,0,0,0,0
1151850600,14,0,0,0,0,0,1,0,1,0,0,0,0
1151850600,15,0,0,-307,0,0,1,0,1,0,0,0,0
1151850600,16,0,0,0,0,0,1,0,1,0,0,0,0
1151852400,1,0,1733.157104,0.868872106,0,1,0,1,0,0,0,0,0
1151852400,2,0,1876.657593,0.469344467,0,1,0,0,1,15.50534821,0,1,0
1151852400,3,0,1936.081055,4.12168169,0,1,0,0,1,0,0,0,0
1151852400,4,1,704.982666,0,0,0,0,0,0,0,0,0,-238
1151852400,5,0,1936.415405,0.915059447,0,0,1,0,1,0,0,0,0
1151852400,7,0,0,0,0,0,1,0,1,0,0,0,0
1151852400,8,1,0,0,0,0,0,0,0,0,0,0,-246
1151852400,9,0,0,56.75711823,0,0,1,0,1,0,0,1,0
1151852400,10,0,0,-307,1.743746281,0,1,0,1,0,0,1,0
1151852400,12,0,0,0,0,0,1,0,1,0,0,0,0
1151852400,14,0,0,0,0,0,1,0,1,0,0,0,0
1151852400,15,0,0,-307,0,0,1,0,1,0,0,0,0